100 100 3027
0 5 0.19755
5 0 0.19755
0 8 0.27777
8 0 0.27777
0 18 0.14160
18 0 0.14160
0 20 0.01630
20 0 0.01630
0 21 0.24289
21 0 0.24289
0 22 0.13723
22 0 0.13723
0 24 0.15668
24 0 0.15668
0 26 0.12979
26 0 0.12979
0 27 0.10881
27 0 0.10881
0 29 0.21826
29 0 0.21826
0 33 0.29603
33 0 0.29603
0 38 0.29252
38 0 0.29252
0 44 0.28331
44 0 0.28331
0 48 0.06976
48 0 0.06976
0 51 0.08606
51 0 0.08606
0 52 0.19221
52 0 0.19221
0 56 0.06417
56 0 0.06417
0 57 0.02002
57 0 0.02002
0 59 0.06310
59 0 0.06310
0 60 0.23828
60 0 0.23828
0 64 0.26667
64 0 0.26667
0 71 0.03928
71 0 0.03928
0 76 0.28429
76 0 0.28429
0 81 0.16597
81 0 0.16597
0 86 0.22897
86 0 0.22897
1 2 0.21582
2 1 0.21582
1 5 0.14766
5 1 0.14766
1 10 0.28106
10 1 0.28106
1 14 0.22611
14 1 0.22611
1 15 0.18753
15 1 0.18753
1 16 0.27623
16 1 0.27623
1 19 0.16961
19 1 0.16961
1 21 0.10317
21 1 0.10317
1 22 0.12608
22 1 0.12608
1 31 0.29416
31 1 0.29416
1 32 0.23226
32 1 0.23226
1 34 0.24441
34 1 0.24441
1 35 0.15239
35 1 0.15239
1 37 0.12547
37 1 0.12547
1 39 0.16410
39 1 0.16410
1 41 0.07453
41 1 0.07453
1 43 0.05253
43 1 0.05253
1 45 0.17621
45 1 0.17621
1 46 0.24006
46 1 0.24006
1 53 0.09348
53 1 0.09348
1 54 0.13490
54 1 0.13490
1 56 0.07823
56 1 0.07823
1 57 0.06991
57 1 0.06991
1 58 0.20466
58 1 0.20466
1 63 0.05194
63 1 0.05194
1 64 0.15781
64 1 0.15781
1 66 0.20433
66 1 0.20433
1 68 0.12547
68 1 0.12547
1 70 0.05406
70 1 0.05406
1 72 0.07233
72 1 0.07233
1 73 0.00416
73 1 0.00416
1 76 0.18037
76 1 0.18037
1 77 0.16313
77 1 0.16313
1 86 0.09964
86 1 0.09964
1 95 0.03542
95 1 0.03542
2 9 0.16397
9 2 0.16397
2 12 0.07699
12 2 0.07699
2 14 0.24804
14 2 0.24804
2 16 0.22914
16 2 0.22914
2 20 0.23143
20 2 0.23143
2 21 0.07416
21 2 0.07416
2 23 0.22366
23 2 0.22366
2 27 0.28004
27 2 0.28004
2 30 0.11328
30 2 0.11328
2 38 0.00323
38 2 0.00323
2 42 0.23389
42 2 0.23389
2 48 0.18256
48 2 0.18256
2 50 0.04086
50 2 0.04086
2 56 0.18462
56 2 0.18462
2 62 0.20221
62 2 0.20221
2 66 0.25727
66 2 0.25727
2 68 0.08764
68 2 0.08764
2 69 0.26050
69 2 0.26050
2 72 0.09374
72 2 0.09374
2 73 0.11128
73 2 0.11128
2 78 0.28878
78 2 0.28878
2 80 0.28838
80 2 0.28838
2 82 0.18975
82 2 0.18975
2 84 0.00358
84 2 0.00358
2 87 0.18820
87 2 0.18820
2 93 0.12114
93 2 0.12114
3 3 0.20355
3 6 0.29729
6 3 0.29729
3 12 0.16276
12 3 0.16276
3 13 0.27391
13 3 0.27391
3 19 0.29105
19 3 0.29105
3 20 0.18042
20 3 0.18042
3 23 0.13906
23 3 0.13906
3 28 0.17821
28 3 0.17821
3 29 0.22197
29 3 0.22197
3 31 0.12126
31 3 0.12126
3 32 0.13824
32 3 0.13824
3 45 0.25891
45 3 0.25891
3 46 0.15123
46 3 0.15123
3 47 0.07255
47 3 0.07255
3 48 0.10785
48 3 0.10785
3 51 0.28827
51 3 0.28827
3 53 0.09115
53 3 0.09115
3 57 0.26546
57 3 0.26546
3 61 0.15727
61 3 0.15727
3 65 0.20784
65 3 0.20784
3 70 0.24433
70 3 0.24433
3 77 0.13607
77 3 0.13607
3 79 0.00541
79 3 0.00541
3 82 0.29368
82 3 0.29368
3 83 0.11467
83 3 0.11467
3 86 0.04916
86 3 0.04916
3 90 0.21088
90 3 0.21088
3 93 0.09392
93 3 0.09392
3 94 0.09956
94 3 0.09956
3 99 0.13170
99 3 0.13170
4 4 0.05151
4 5 0.05342
5 4 0.05342
4 10 0.11911
10 4 0.11911
4 19 0.16982
19 4 0.16982
4 24 0.23366
24 4 0.23366
4 26 0.07009
26 4 0.07009
4 27 0.09884
27 4 0.09884
4 29 0.16965
29 4 0.16965
4 31 0.22549
31 4 0.22549
4 33 0.29083
33 4 0.29083
4 39 0.03633
39 4 0.03633
4 40 0.25747
40 4 0.25747
4 45 0.22101
45 4 0.22101
4 46 0.19802
46 4 0.19802
4 48 0.10973
48 4 0.10973
4 52 0.20035
52 4 0.20035
4 56 0.23100
56 4 0.23100
4 59 0.15472
59 4 0.15472
4 61 0.01458
61 4 0.01458
4 66 0.26044
66 4 0.26044
4 75 0.00600
75 4 0.00600
4 86 0.15288
86 4 0.15288
4 87 0.03289
87 4 0.03289
4 88 0.06356
88 4 0.06356
4 90 0.18762
90 4 0.18762
4 94 0.00113
94 4 0.00113
4 95 0.00571
95 4 0.00571
4 97 0.26157
97 4 0.26157
5 5 0.18116
5 12 0.18626
12 5 0.18626
5 13 0.15714
13 5 0.15714
5 18 0.19111
18 5 0.19111
5 25 0.23312
25 5 0.23312
5 45 0.26278
45 5 0.26278
5 48 0.16695
48 5 0.16695
5 58 0.14834
58 5 0.14834
5 60 0.03296
60 5 0.03296
5 65 0.11265
65 5 0.11265
5 68 0.04850
68 5 0.04850
5 73 0.14398
73 5 0.14398
5 75 0.24703
75 5 0.24703
5 77 0.01746
77 5 0.01746
5 85 0.05872
85 5 0.05872
5 86 0.07426
86 5 0.07426
5 89 0.22260
89 5 0.22260
5 90 0.21979
90 5 0.21979
6 9 0.21914
9 6 0.21914
6 15 0.18377
15 6 0.18377
6 20 0.25759
20 6 0.25759
6 28 0.19103
28 6 0.19103
6 33 0.21069
33 6 0.21069
6 36 0.10978
36 6 0.10978
6 38 0.19900
38 6 0.19900
6 43 0.05886
43 6 0.05886
6 46 0.24263
46 6 0.24263
6 47 0.01891
47 6 0.01891
6 49 0.00907
49 6 0.00907
6 55 0.17306
55 6 0.17306
6 61 0.15534
61 6 0.15534
6 62 0.29289
62 6 0.29289
6 68 0.27299
68 6 0.27299
6 70 0.12233
70 6 0.12233
6 75 0.18407
75 6 0.18407
6 76 0.28228
76 6 0.28228
6 77 0.16717
77 6 0.16717
6 78 0.20298
78 6 0.20298
6 80 0.17624
80 6 0.17624
6 81 0.12667
81 6 0.12667
6 82 0.22755
82 6 0.22755
6 84 0.01387
84 6 0.01387
6 85 0.16082
85 6 0.16082
6 86 0.11999
86 6 0.11999
6 90 0.10086
90 6 0.10086
6 92 0.07056
92 6 0.07056
6 96 0.29318
96 6 0.29318
6 97 0.24407
97 6 0.24407
7 7 0.19071
7 8 0.03472
8 7 0.03472
7 14 0.03567
14 7 0.03567
7 16 0.20095
16 7 0.20095
7 23 0.05017
23 7 0.05017
7 31 0.29793
31 7 0.29793
7 33 0.18906
33 7 0.18906
7 35 0.05344
35 7 0.05344
7 36 0.10145
36 7 0.10145
7 37 0.15728
37 7 0.15728
7 38 0.24415
38 7 0.24415
7 39 0.13617
39 7 0.13617
7 41 0.05805
41 7 0.05805
7 44 0.05602
44 7 0.05602
7 47 0.25697
47 7 0.25697
7 49 0.16884
49 7 0.16884
7 57 0.22524
57 7 0.22524
7 58 0.26417
58 7 0.26417
7 61 0.01665
61 7 0.01665
7 64 0.20571
64 7 0.20571
7 71 0.26902
71 7 0.26902
7 74 0.21452
74 7 0.21452
7 76 0.25811
76 7 0.25811
7 78 0.01618
78 7 0.01618
7 86 0.25021
86 7 0.25021
7 87 0.25623
87 7 0.25623
7 88 0.07324
88 7 0.07324
7 98 0.04392
98 7 0.04392
7 99 0.02386
99 7 0.02386
8 8 0.00508
8 10 0.29289
10 8 0.29289
8 15 0.07826
15 8 0.07826
8 16 0.19098
16 8 0.19098
8 19 0.04339
19 8 0.04339
8 20 0.08441
20 8 0.08441
8 21 0.24486
21 8 0.24486
8 24 0.09286
24 8 0.09286
8 27 0.16609
27 8 0.16609
8 31 0.00698
31 8 0.00698
8 36 0.09640
36 8 0.09640
8 39 0.10148
39 8 0.10148
8 40 0.27490
40 8 0.27490
8 41 0.23932
41 8 0.23932
8 43 0.09504
43 8 0.09504
8 45 0.27721
45 8 0.27721
8 46 0.17330
46 8 0.17330
8 49 0.09668
49 8 0.09668
8 59 0.12998
59 8 0.12998
8 60 0.08127
60 8 0.08127
8 62 0.13696
62 8 0.13696
8 64 0.11446
64 8 0.11446
8 67 0.21086
67 8 0.21086
8 73 0.12209
73 8 0.12209
8 74 0.03826
74 8 0.03826
8 77 0.21157
77 8 0.21157
8 79 0.16016
79 8 0.16016
8 82 0.00543
82 8 0.00543
8 84 0.12622
84 8 0.12622
8 86 0.08418
86 8 0.08418
8 92 0.06267
92 8 0.06267
8 93 0.04718
93 8 0.04718
8 95 0.17713
95 8 0.17713
8 97 0.10952
97 8 0.10952
9 16 0.22173
16 9 0.22173
9 20 0.09749
20 9 0.09749
9 34 0.02948
34 9 0.02948
9 37 0.13900
37 9 0.13900
9 38 0.14394
38 9 0.14394
9 39 0.19590
39 9 0.19590
9 43 0.18403
43 9 0.18403
9 46 0.10558
46 9 0.10558
9 48 0.10223
48 9 0.10223
9 50 0.27032
50 9 0.27032
9 51 0.19972
51 9 0.19972
9 52 0.28774
52 9 0.28774
9 55 0.22192
55 9 0.22192
9 59 0.14212
59 9 0.14212
9 60 0.29460
60 9 0.29460
9 64 0.23285
64 9 0.23285
9 70 0.02845
70 9 0.02845
9 75 0.28429
75 9 0.28429
9 76 0.07675
76 9 0.07675
9 78 0.17272
78 9 0.17272
9 79 0.17899
79 9 0.17899
9 84 0.10069
84 9 0.10069
9 88 0.10417
88 9 0.10417
9 94 0.27219
94 9 0.27219
9 96 0.06823
96 9 0.06823
10 13 0.29243
13 10 0.29243
10 14 0.22442
14 10 0.22442
10 15 0.24607
15 10 0.24607
10 18 0.12608
18 10 0.12608
10 22 0.19249
22 10 0.19249
10 24 0.13339
24 10 0.13339
10 25 0.29317
25 10 0.29317
10 26 0.18458
26 10 0.18458
10 27 0.00283
27 10 0.00283
10 29 0.28875
29 10 0.28875
10 33 0.17541
33 10 0.17541
10 34 0.04473
34 10 0.04473
10 37 0.11296
37 10 0.11296
10 39 0.20726
39 10 0.20726
10 48 0.19349
48 10 0.19349
10 50 0.15471
50 10 0.15471
10 60 0.00584
60 10 0.00584
10 61 0.26868
61 10 0.26868
10 62 0.19163
62 10 0.19163
10 65 0.23636
65 10 0.23636
10 67 0.21915
67 10 0.21915
10 72 0.05047
72 10 0.05047
10 73 0.09432
73 10 0.09432
10 78 0.28428
78 10 0.28428
10 79 0.18014
79 10 0.18014
10 86 0.14034
86 10 0.14034
10 88 0.10339
88 10 0.10339
10 91 0.10923
91 10 0.10923
10 93 0.15932
93 10 0.15932
11 13 0.08853
13 11 0.08853
11 14 0.02051
14 11 0.02051
11 15 0.05307
15 11 0.05307
11 18 0.03972
18 11 0.03972
11 20 0.18380
20 11 0.18380
11 21 0.21985
21 11 0.21985
11 24 0.07364
24 11 0.07364
11 31 0.20223
31 11 0.20223
11 34 0.07132
34 11 0.07132
11 41 0.10324
41 11 0.10324
11 44 0.19177
44 11 0.19177
11 47 0.08965
47 11 0.08965
11 51 0.00473
51 11 0.00473
11 52 0.18825
52 11 0.18825
11 53 0.28719
53 11 0.28719
11 55 0.26189
55 11 0.26189
11 57 0.03650
57 11 0.03650
11 61 0.28515
61 11 0.28515
11 68 0.00857
68 11 0.00857
11 72 0.09929
72 11 0.09929
11 73 0.26462
73 11 0.26462
11 75 0.29106
75 11 0.29106
11 76 0.18603
76 11 0.18603
11 79 0.00695
79 11 0.00695
11 82 0.01168
82 11 0.01168
11 84 0.17670
84 11 0.17670
11 86 0.14823
86 11 0.14823
11 90 0.27588
90 11 0.27588
11 92 0.15520
92 11 0.15520
11 94 0.22298
94 11 0.22298
11 95 0.11291
95 11 0.11291
12 16 0.17414
16 12 0.17414
12 17 0.18769
17 12 0.18769
12 18 0.24717
18 12 0.24717
12 28 0.01800
28 12 0.01800
12 34 0.24141
34 12 0.24141
12 39 0.17666
39 12 0.17666
12 43 0.18200
43 12 0.18200
12 44 0.24353
44 12 0.24353
12 45 0.02458
45 12 0.02458
12 46 0.13811
46 12 0.13811
12 48 0.21227
48 12 0.21227
12 51 0.12966
51 12 0.12966
12 52 0.01316
52 12 0.01316
12 53 0.14495
53 12 0.14495
12 57 0.24699
57 12 0.24699
12 58 0.22464
58 12 0.22464
12 62 0.23544
62 12 0.23544
12 66 0.09249
66 12 0.09249
12 71 0.26642
71 12 0.26642
12 72 0.21474
72 12 0.21474
12 73 0.27800
73 12 0.27800
12 93 0.09963
93 12 0.09963
12 97 0.04338
97 12 0.04338
13 16 0.13884
16 13 0.13884
13 18 0.23257
18 13 0.23257
13 20 0.00788
20 13 0.00788
13 25 0.12681
25 13 0.12681
13 26 0.16724
26 13 0.16724
13 30 0.29143
30 13 0.29143
13 31 0.24796
31 13 0.24796
13 32 0.19356
32 13 0.19356
13 33 0.03161
33 13 0.03161
13 34 0.11216
34 13 0.11216
13 37 0.21179
37 13 0.21179
13 45 0.15414
45 13 0.15414
13 46 0.09013
46 13 0.09013
13 52 0.14180
52 13 0.14180
13 60 0.11420
60 13 0.11420
13 61 0.00005
61 13 0.00005
13 62 0.15493
62 13 0.15493
13 64 0.03165
64 13 0.03165
13 65 0.26708
65 13 0.26708
13 66 0.03504
66 13 0.03504
13 71 0.26713
71 13 0.26713
13 75 0.08038
75 13 0.08038
13 81 0.24648
81 13 0.24648
13 82 0.19495
82 13 0.19495
13 83 0.12774
83 13 0.12774
13 84 0.10112
84 13 0.10112
13 86 0.06046
86 13 0.06046
13 87 0.08258
87 13 0.08258
13 88 0.14229
88 13 0.14229
13 91 0.25649
91 13 0.25649
13 93 0.14447
93 13 0.14447
14 15 0.03552
15 14 0.03552
14 16 0.15755
16 14 0.15755
14 24 0.14537
24 14 0.14537
14 29 0.04009
29 14 0.04009
14 32 0.12266
32 14 0.12266
14 33 0.06761
33 14 0.06761
14 35 0.11221
35 14 0.11221
14 37 0.10627
37 14 0.10627
14 38 0.25667
38 14 0.25667
14 54 0.06746
54 14 0.06746
14 56 0.22068
56 14 0.22068
14 57 0.00643
57 14 0.00643
14 58 0.04389
58 14 0.04389
14 60 0.04651
60 14 0.04651
14 62 0.29637
62 14 0.29637
14 63 0.16918
63 14 0.16918
14 64 0.03682
64 14 0.03682
14 66 0.28138
66 14 0.28138
14 70 0.24926
70 14 0.24926
14 72 0.20628
72 14 0.20628
14 74 0.00221
74 14 0.00221
14 79 0.08439
79 14 0.08439
14 80 0.13355
80 14 0.13355
14 93 0.01415
93 14 0.01415
14 97 0.03032
97 14 0.03032
15 16 0.05541
16 15 0.05541
15 17 0.03431
17 15 0.03431
15 20 0.03652
20 15 0.03652
15 24 0.02071
24 15 0.02071
15 29 0.25491
29 15 0.25491
15 35 0.08943
35 15 0.08943
15 40 0.26188
40 15 0.26188
15 42 0.08660
42 15 0.08660
15 43 0.29221
43 15 0.29221
15 52 0.17483
52 15 0.17483
15 55 0.19554
55 15 0.19554
15 58 0.14425
58 15 0.14425
15 59 0.21312
59 15 0.21312
15 68 0.05916
68 15 0.05916
15 69 0.03007
69 15 0.03007
15 80 0.10909
80 15 0.10909
15 81 0.12397
81 15 0.12397
15 82 0.04637
82 15 0.04637
15 83 0.28392
83 15 0.28392
15 84 0.05026
84 15 0.05026
15 85 0.02086
85 15 0.02086
15 93 0.21646
93 15 0.21646
15 95 0.05421
95 15 0.05421
15 98 0.04774
98 15 0.04774
16 18 0.14289
18 16 0.14289
16 22 0.05169
22 16 0.05169
16 24 0.22998
24 16 0.22998
16 33 0.10244
33 16 0.10244
16 34 0.14322
34 16 0.14322
16 35 0.11958
35 16 0.11958
16 39 0.21160
39 16 0.21160
16 41 0.26455
41 16 0.26455
16 42 0.26582
42 16 0.26582
16 50 0.27612
50 16 0.27612
16 57 0.27918
57 16 0.27918
16 58 0.01570
58 16 0.01570
16 68 0.25197
68 16 0.25197
16 71 0.21507
71 16 0.21507
16 72 0.23525
72 16 0.23525
16 76 0.25826
76 16 0.25826
16 79 0.05201
79 16 0.05201
16 80 0.17895
80 16 0.17895
16 81 0.04883
81 16 0.04883
16 87 0.28314
87 16 0.28314
16 93 0.25443
93 16 0.25443
16 94 0.10934
94 16 0.10934
16 98 0.16502
98 16 0.16502
16 99 0.01175
99 16 0.01175
17 19 0.22681
19 17 0.22681
17 22 0.16765
22 17 0.16765
17 24 0.04685
24 17 0.04685
17 27 0.09886
27 17 0.09886
17 35 0.12249
35 17 0.12249
17 37 0.08080
37 17 0.08080
17 38 0.01481
38 17 0.01481
17 39 0.21265
39 17 0.21265
17 40 0.03741
40 17 0.03741
17 41 0.26924
41 17 0.26924
17 44 0.02901
44 17 0.02901
17 47 0.04076
47 17 0.04076
17 50 0.26757
50 17 0.26757
17 56 0.09131
56 17 0.09131
17 64 0.19643
64 17 0.19643
17 65 0.14988
65 17 0.14988
17 68 0.23068
68 17 0.23068
17 71 0.26808
71 17 0.26808
17 72 0.09037
72 17 0.09037
17 73 0.21480
73 17 0.21480
17 74 0.00323
74 17 0.00323
17 75 0.11938
75 17 0.11938
17 76 0.14614
76 17 0.14614
17 78 0.16013
78 17 0.16013
17 83 0.18010
83 17 0.18010
17 91 0.17831
91 17 0.17831
17 92 0.06016
92 17 0.06016
17 93 0.26761
93 17 0.26761
17 95 0.25658
95 17 0.25658
18 22 0.04437
22 18 0.04437
18 25 0.19050
25 18 0.19050
18 30 0.28718
30 18 0.28718
18 33 0.15010
33 18 0.15010
18 36 0.10433
36 18 0.10433
18 37 0.11813
37 18 0.11813
18 40 0.29644
40 18 0.29644
18 42 0.25253
42 18 0.25253
18 43 0.15859
43 18 0.15859
18 44 0.16469
44 18 0.16469
18 47 0.10145
47 18 0.10145
18 51 0.23444
51 18 0.23444
18 54 0.15392
54 18 0.15392
18 56 0.16588
56 18 0.16588
18 59 0.01390
59 18 0.01390
18 63 0.09754
63 18 0.09754
18 71 0.04499
71 18 0.04499
18 72 0.26362
72 18 0.26362
18 73 0.23451
73 18 0.23451
18 74 0.20358
74 18 0.20358
18 77 0.03063
77 18 0.03063
18 79 0.22273
79 18 0.22273
18 83 0.24391
83 18 0.24391
18 89 0.29531
89 18 0.29531
18 91 0.03501
91 18 0.03501
18 92 0.03793
92 18 0.03793
18 94 0.13256
94 18 0.13256
18 96 0.09249
96 18 0.09249
19 22 0.25924
22 19 0.25924
19 23 0.14420
23 19 0.14420
19 24 0.08961
24 19 0.08961
19 26 0.04874
26 19 0.04874
19 27 0.12024
27 19 0.12024
19 28 0.21730
28 19 0.21730
19 29 0.27147
29 19 0.27147
19 34 0.11422
34 19 0.11422
19 44 0.09519
44 19 0.09519
19 60 0.11699
60 19 0.11699
19 61 0.29119
61 19 0.29119
19 64 0.00262
64 19 0.00262
19 66 0.18536
66 19 0.18536
19 69 0.11299
69 19 0.11299
19 72 0.07562
72 19 0.07562
19 73 0.28508
73 19 0.28508
19 75 0.17082
75 19 0.17082
19 76 0.10028
76 19 0.10028
19 80 0.14448
80 19 0.14448
19 85 0.29256
85 19 0.29256
19 88 0.13808
88 19 0.13808
19 89 0.28536
89 19 0.28536
19 90 0.19994
90 19 0.19994
19 91 0.25508
91 19 0.25508
19 94 0.10071
94 19 0.10071
19 97 0.28607
97 19 0.28607
19 98 0.13310
98 19 0.13310
20 25 0.12954
25 20 0.12954
20 32 0.18869
32 20 0.18869
20 33 0.25794
33 20 0.25794
20 38 0.12083
38 20 0.12083
20 40 0.19609
40 20 0.19609
20 44 0.09379
44 20 0.09379
20 45 0.04436
45 20 0.04436
20 52 0.01856
52 20 0.01856
20 53 0.01752
53 20 0.01752
20 54 0.20419
54 20 0.20419
20 56 0.14706
56 20 0.14706
20 70 0.01544
70 20 0.01544
20 76 0.00346
76 20 0.00346
20 77 0.06434
77 20 0.06434
20 82 0.06339
82 20 0.06339
20 85 0.26758
85 20 0.26758
20 87 0.07794
87 20 0.07794
20 88 0.11727
88 20 0.11727
20 89 0.16135
89 20 0.16135
20 93 0.15529
93 20 0.15529
20 94 0.10861
94 20 0.10861
21 21 0.04128
21 31 0.09492
31 21 0.09492
21 33 0.23887
33 21 0.23887
21 34 0.15832
34 21 0.15832
21 36 0.16975
36 21 0.16975
21 39 0.24769
39 21 0.24769
21 41 0.13240
41 21 0.13240
21 42 0.01893
42 21 0.01893
21 43 0.06176
43 21 0.06176
21 45 0.17422
45 21 0.17422
21 46 0.17037
46 21 0.17037
21 47 0.26835
47 21 0.26835
21 48 0.16257
48 21 0.16257
21 50 0.05138
50 21 0.05138
21 64 0.00947
64 21 0.00947
21 67 0.17922
67 21 0.17922
21 68 0.04759
68 21 0.04759
21 72 0.06770
72 21 0.06770
21 78 0.14824
78 21 0.14824
21 81 0.19962
81 21 0.19962
21 83 0.23394
83 21 0.23394
21 84 0.04947
84 21 0.04947
21 85 0.24407
85 21 0.24407
21 88 0.19534
88 21 0.19534
21 89 0.29399
89 21 0.29399
21 90 0.02535
90 21 0.02535
21 92 0.06459
92 21 0.06459
21 95 0.07406
95 21 0.07406
21 96 0.11043
96 21 0.11043
21 98 0.25328
98 21 0.25328
21 99 0.15802
99 21 0.15802
22 26 0.12602
26 22 0.12602
22 30 0.22416
30 22 0.22416
22 34 0.18875
34 22 0.18875
22 35 0.20605
35 22 0.20605
22 37 0.23822
37 22 0.23822
22 42 0.10879
42 22 0.10879
22 44 0.24094
44 22 0.24094
22 45 0.17337
45 22 0.17337
22 47 0.23471
47 22 0.23471
22 48 0.24743
48 22 0.24743
22 50 0.19273
50 22 0.19273
22 53 0.08605
53 22 0.08605
22 54 0.18089
54 22 0.18089
22 56 0.04707
56 22 0.04707
22 60 0.05298
60 22 0.05298
22 61 0.05187
61 22 0.05187
22 65 0.06585
65 22 0.06585
22 69 0.23785
69 22 0.23785
22 71 0.19920
71 22 0.19920
22 74 0.11968
74 22 0.11968
22 75 0.12424
75 22 0.12424
22 79 0.09407
79 22 0.09407
22 80 0.04853
80 22 0.04853
22 86 0.15261
86 22 0.15261
22 88 0.08257
88 22 0.08257
22 91 0.13554
91 22 0.13554
22 92 0.03218
92 22 0.03218
23 24 0.13017
24 23 0.13017
23 25 0.01899
25 23 0.01899
23 28 0.13867
28 23 0.13867
23 32 0.10928
32 23 0.10928
23 38 0.29870
38 23 0.29870
23 39 0.11459
39 23 0.11459
23 42 0.19716
42 23 0.19716
23 47 0.00612
47 23 0.00612
23 48 0.04993
48 23 0.04993
23 54 0.29769
54 23 0.29769
23 55 0.11922
55 23 0.11922
23 62 0.16684
62 23 0.16684
23 75 0.28283
75 23 0.28283
23 77 0.10268
77 23 0.10268
23 78 0.28896
78 23 0.28896
23 84 0.15241
84 23 0.15241
23 85 0.20279
85 23 0.20279
23 88 0.12658
88 23 0.12658
23 90 0.01230
90 23 0.01230
23 92 0.12974
92 23 0.12974
23 93 0.17914
93 23 0.17914
23 96 0.06207
96 23 0.06207
23 97 0.02850
97 23 0.02850
23 98 0.10243
98 23 0.10243
24 31 0.14068
31 24 0.14068
24 33 0.06994
33 24 0.06994
24 39 0.03315
39 24 0.03315
24 44 0.13787
44 24 0.13787
24 47 0.26761
47 24 0.26761
24 49 0.11018
49 24 0.11018
24 52 0.13868
52 24 0.13868
24 54 0.18695
54 24 0.18695
24 60 0.29698
60 24 0.29698
24 61 0.18940
61 24 0.18940
24 63 0.20233
63 24 0.20233
24 64 0.25935
64 24 0.25935
24 65 0.16149
65 24 0.16149
24 67 0.14008
67 24 0.14008
24 70 0.17323
70 24 0.17323
24 71 0.15626
71 24 0.15626
24 72 0.16113
72 24 0.16113
24 75 0.29901
75 24 0.29901
24 76 0.27787
76 24 0.27787
24 79 0.01548
79 24 0.01548
24 81 0.28085
81 24 0.28085
24 84 0.09752
84 24 0.09752
24 85 0.00211
85 24 0.00211
24 92 0.16462
92 24 0.16462
24 96 0.14904
96 24 0.14904
25 25 0.20973
25 33 0.15206
33 25 0.15206
25 34 0.23649
34 25 0.23649
25 44 0.06373
44 25 0.06373
25 48 0.03309
48 25 0.03309
25 54 0.02109
54 25 0.02109
25 59 0.06295
59 25 0.06295
25 60 0.21503
60 25 0.21503
25 61 0.16911
61 25 0.16911
25 69 0.26479
69 25 0.26479
25 71 0.10151
71 25 0.10151
25 73 0.21081
73 25 0.21081
25 76 0.07928
76 25 0.07928
25 77 0.22222
77 25 0.22222
25 79 0.11237
79 25 0.11237
25 84 0.08820
84 25 0.08820
25 95 0.26096
95 25 0.26096
25 97 0.21309
97 25 0.21309
25 98 0.25205
98 25 0.25205
25 99 0.03200
99 25 0.03200
26 28 0.13351
28 26 0.13351
26 32 0.20581
32 26 0.20581
26 42 0.13200
42 26 0.13200
26 47 0.27634
47 26 0.27634
26 48 0.04480
48 26 0.04480
26 55 0.14121
55 26 0.14121
26 57 0.24927
57 26 0.24927
26 62 0.20017
62 26 0.20017
26 65 0.05930
65 26 0.05930
26 69 0.28847
69 26 0.28847
26 77 0.02490
77 26 0.02490
26 82 0.08041
82 26 0.08041
26 88 0.10105
88 26 0.10105
26 93 0.09408
93 26 0.09408
26 95 0.23637
95 26 0.23637
26 96 0.15338
96 26 0.15338
26 97 0.14920
97 26 0.14920
26 99 0.00041
99 26 0.00041
27 45 0.13883
45 27 0.13883
27 47 0.05365
47 27 0.05365
27 48 0.03274
48 27 0.03274
27 49 0.11321
49 27 0.11321
27 51 0.12681
51 27 0.12681
27 53 0.17550
53 27 0.17550
27 54 0.28019
54 27 0.28019
27 57 0.28059
57 27 0.28059
27 58 0.12543
58 27 0.12543
27 59 0.15861
59 27 0.15861
27 64 0.25778
64 27 0.25778
27 66 0.23607
66 27 0.23607
27 77 0.20085
77 27 0.20085
27 81 0.29785
81 27 0.29785
27 87 0.20818
87 27 0.20818
27 88 0.23653
88 27 0.23653
27 92 0.17022
92 27 0.17022
27 98 0.08991
98 27 0.08991
28 28 0.29762
28 32 0.03649
32 28 0.03649
28 34 0.24840
34 28 0.24840
28 38 0.10163
38 28 0.10163
28 48 0.03577
48 28 0.03577
28 51 0.20599
51 28 0.20599
28 53 0.29796
53 28 0.29796
28 59 0.22344
59 28 0.22344
28 62 0.16676
62 28 0.16676
28 68 0.02227
68 28 0.02227
28 69 0.07382
69 28 0.07382
28 73 0.28435
73 28 0.28435
28 86 0.06506
86 28 0.06506
28 88 0.25395
88 28 0.25395
28 92 0.05687
92 28 0.05687
28 93 0.07451
93 28 0.07451
28 94 0.05646
94 28 0.05646
28 97 0.02865
97 28 0.02865
29 29 0.10248
29 33 0.08886
33 29 0.08886
29 38 0.09258
38 29 0.09258
29 43 0.22631
43 29 0.22631
29 46 0.29138
46 29 0.29138
29 48 0.11327
48 29 0.11327
29 52 0.05217
52 29 0.05217
29 58 0.27373
58 29 0.27373
29 61 0.07824
61 29 0.07824
29 64 0.16710
64 29 0.16710
29 65 0.16366
65 29 0.16366
29 71 0.28255
71 29 0.28255
29 72 0.07540
72 29 0.07540
29 81 0.28658
81 29 0.28658
29 84 0.26474
84 29 0.26474
29 85 0.20231
85 29 0.20231
29 88 0.03766
88 29 0.03766
29 89 0.04545
89 29 0.04545
29 92 0.12369
92 29 0.12369
29 93 0.13124
93 29 0.13124
29 95 0.29080
95 29 0.29080
29 96 0.29490
96 29 0.29490
29 97 0.29671
97 29 0.29671
29 98 0.20107
98 29 0.20107
29 99 0.09534
99 29 0.09534
30 34 0.21735
34 30 0.21735
30 36 0.28140
36 30 0.28140
30 45 0.21564
45 30 0.21564
30 47 0.10195
47 30 0.10195
30 49 0.03043
49 30 0.03043
30 50 0.14741
50 30 0.14741
30 52 0.00591
52 30 0.00591
30 53 0.27110
53 30 0.27110
30 57 0.08667
57 30 0.08667
30 58 0.16961
58 30 0.16961
30 60 0.18201
60 30 0.18201
30 67 0.16440
67 30 0.16440
30 68 0.27434
68 30 0.27434
30 69 0.13364
69 30 0.13364
30 78 0.04835
78 30 0.04835
30 81 0.19575
81 30 0.19575
30 87 0.02876
87 30 0.02876
30 93 0.09926
93 30 0.09926
30 94 0.22434
94 30 0.22434
31 35 0.17560
35 31 0.17560
31 36 0.02728
36 31 0.02728
31 38 0.17086
38 31 0.17086
31 41 0.11432
41 31 0.11432
31 46 0.07813
46 31 0.07813
31 47 0.11405
47 31 0.11405
31 49 0.10689
49 31 0.10689
31 53 0.26092
53 31 0.26092
31 57 0.26688
57 31 0.26688
31 59 0.15624
59 31 0.15624
31 63 0.23014
63 31 0.23014
31 64 0.08813
64 31 0.08813
31 67 0.11541
67 31 0.11541
31 71 0.16436
71 31 0.16436
31 76 0.00888
76 31 0.00888
31 81 0.11975
81 31 0.11975
31 82 0.16593
82 31 0.16593
31 85 0.02995
85 31 0.02995
31 88 0.29683
88 31 0.29683
31 90 0.02217
90 31 0.02217
31 91 0.13098
91 31 0.13098
31 95 0.08778
95 31 0.08778
31 98 0.20320
98 31 0.20320
31 99 0.11353
99 31 0.11353
32 34 0.27789
34 32 0.27789
32 35 0.03438
35 32 0.03438
32 37 0.05353
37 32 0.05353
32 42 0.18657
42 32 0.18657
32 44 0.08662
44 32 0.08662
32 52 0.06359
52 32 0.06359
32 55 0.06324
55 32 0.06324
32 57 0.17138
57 32 0.17138
32 58 0.15102
58 32 0.15102
32 63 0.28171
63 32 0.28171
32 64 0.15252
64 32 0.15252
32 65 0.09454
65 32 0.09454
32 68 0.14808
68 32 0.14808
32 71 0.05539
71 32 0.05539
32 73 0.05980
73 32 0.05980
32 78 0.28047
78 32 0.28047
32 80 0.23505
80 32 0.23505
32 83 0.29864
83 32 0.29864
32 85 0.28432
85 32 0.28432
32 90 0.01062
90 32 0.01062
32 95 0.01964
95 32 0.01964
32 99 0.06989
99 32 0.06989
33 35 0.12528
35 33 0.12528
33 38 0.04864
38 33 0.04864
33 39 0.29117
39 33 0.29117
33 45 0.18532
45 33 0.18532
33 46 0.14223
46 33 0.14223
33 47 0.23295
47 33 0.23295
33 48 0.15439
48 33 0.15439
33 53 0.10774
53 33 0.10774
33 55 0.27619
55 33 0.27619
33 57 0.29978
57 33 0.29978
33 60 0.22159
60 33 0.22159
33 63 0.29148
63 33 0.29148
33 67 0.17304
67 33 0.17304
33 71 0.25841
71 33 0.25841
33 72 0.16465
72 33 0.16465
33 73 0.03585
73 33 0.03585
33 75 0.09897
75 33 0.09897
33 76 0.22117
76 33 0.22117
33 77 0.06881
77 33 0.06881
33 84 0.03449
84 33 0.03449
33 87 0.00935
87 33 0.00935
33 90 0.00386
90 33 0.00386
33 94 0.12280
94 33 0.12280
33 95 0.24428
95 33 0.24428
34 34 0.00494
34 36 0.09376
36 34 0.09376
34 37 0.16959
37 34 0.16959
34 39 0.02035
39 34 0.02035
34 40 0.26856
40 34 0.26856
34 41 0.13854
41 34 0.13854
34 42 0.08916
42 34 0.08916
34 53 0.27125
53 34 0.27125
34 54 0.22154
54 34 0.22154
34 56 0.10258
56 34 0.10258
34 58 0.10138
58 34 0.10138
34 59 0.22538
59 34 0.22538
34 60 0.01505
60 34 0.01505
34 69 0.23125
69 34 0.23125
34 71 0.20801
71 34 0.20801
34 76 0.17485
76 34 0.17485
34 78 0.23545
78 34 0.23545
34 79 0.13696
79 34 0.13696
34 84 0.16823
84 34 0.16823
34 86 0.04341
86 34 0.04341
34 87 0.27080
87 34 0.27080
34 89 0.14479
89 34 0.14479
34 93 0.26110
93 34 0.26110
34 94 0.19259
94 34 0.19259
34 95 0.08358
95 34 0.08358
34 96 0.03096
96 34 0.03096
35 36 0.06558
36 35 0.06558
35 37 0.17843
37 35 0.17843
35 38 0.10752
38 35 0.10752
35 44 0.22687
44 35 0.22687
35 46 0.22005
46 35 0.22005
35 47 0.12384
47 35 0.12384
35 50 0.29206
50 35 0.29206
35 56 0.05904
56 35 0.05904
35 57 0.20038
57 35 0.20038
35 64 0.22125
64 35 0.22125
35 67 0.28683
67 35 0.28683
35 77 0.02956
77 35 0.02956
35 78 0.08680
78 35 0.08680
35 82 0.15680
82 35 0.15680
35 87 0.00077
87 35 0.00077
35 91 0.19030
91 35 0.19030
35 94 0.08974
94 35 0.08974
35 98 0.06498
98 35 0.06498
36 37 0.00772
37 36 0.00772
36 39 0.20767
39 36 0.20767
36 42 0.17063
42 36 0.17063
36 45 0.25742
45 36 0.25742
36 49 0.14107
49 36 0.14107
36 56 0.21446
56 36 0.21446
36 66 0.05876
66 36 0.05876
36 67 0.01388
67 36 0.01388
36 69 0.03914
69 36 0.03914
36 70 0.22155
70 36 0.22155
36 78 0.18599
78 36 0.18599
36 79 0.28588
79 36 0.28588
36 80 0.05121
80 36 0.05121
36 81 0.17358
81 36 0.17358
36 89 0.05025
89 36 0.05025
36 93 0.02332
93 36 0.02332
36 99 0.26003
99 36 0.26003
37 41 0.03557
41 37 0.03557
37 43 0.05467
43 37 0.05467
37 46 0.24066
46 37 0.24066
37 53 0.27761
53 37 0.27761
37 58 0.07846
58 37 0.07846
37 61 0.10178
61 37 0.10178
37 62 0.01334
62 37 0.01334
37 68 0.12862
68 37 0.12862
37 69 0.05361
69 37 0.05361
37 72 0.08918
72 37 0.08918
37 73 0.25243
73 37 0.25243
37 80 0.24442
80 37 0.24442
37 83 0.14664
83 37 0.14664
37 88 0.02180
88 37 0.02180
37 90 0.01197
90 37 0.01197
37 93 0.02531
93 37 0.02531
37 97 0.00082
97 37 0.00082
38 38 0.05444
38 40 0.24019
40 38 0.24019
38 41 0.14362
41 38 0.14362
38 50 0.24376
50 38 0.24376
38 51 0.28332
51 38 0.28332
38 52 0.05097
52 38 0.05097
38 53 0.10174
53 38 0.10174
38 60 0.21437
60 38 0.21437
38 64 0.23469
64 38 0.23469
38 65 0.19368
65 38 0.19368
38 70 0.23931
70 38 0.23931
38 71 0.13922
71 38 0.13922
38 72 0.00386
72 38 0.00386
38 76 0.16380
76 38 0.16380
38 82 0.08792
82 38 0.08792
38 88 0.29042
88 38 0.29042
38 89 0.01841
89 38 0.01841
38 90 0.10205
90 38 0.10205
38 97 0.11557
97 38 0.11557
39 50 0.08187
50 39 0.08187
39 54 0.24644
54 39 0.24644
39 56 0.05240
56 39 0.05240
39 59 0.07081
59 39 0.07081
39 68 0.19151
68 39 0.19151
39 71 0.15292
71 39 0.15292
39 72 0.25322
72 39 0.25322
39 75 0.17309
75 39 0.17309
39 79 0.08585
79 39 0.08585
39 86 0.01101
86 39 0.01101
39 91 0.26376
91 39 0.26376
39 92 0.13981
92 39 0.13981
39 93 0.24565
93 39 0.24565
40 41 0.22648
41 40 0.22648
40 42 0.05949
42 40 0.05949
40 46 0.06084
46 40 0.06084
40 53 0.01064
53 40 0.01064
40 54 0.02567
54 40 0.02567
40 55 0.05598
55 40 0.05598
40 57 0.03667
57 40 0.03667
40 59 0.06352
59 40 0.06352
40 61 0.17094
61 40 0.17094
40 65 0.16894
65 40 0.16894
40 67 0.13165
67 40 0.13165
40 69 0.27442
69 40 0.27442
40 70 0.03823
70 40 0.03823
40 71 0.13571
71 40 0.13571
40 73 0.09772
73 40 0.09772
40 74 0.02345
74 40 0.02345
40 76 0.09713
76 40 0.09713
40 77 0.08429
77 40 0.08429
40 87 0.22658
87 40 0.22658
40 89 0.08726
89 40 0.08726
40 90 0.29010
90 40 0.29010
40 92 0.25820
92 40 0.25820
40 97 0.21092
97 40 0.21092
40 99 0.28750
99 40 0.28750
41 48 0.03952
48 41 0.03952
41 51 0.02678
51 41 0.02678
41 57 0.09946
57 41 0.09946
41 62 0.00133
62 41 0.00133
41 63 0.13084
63 41 0.13084
41 70 0.18698
70 41 0.18698
41 72 0.27213
72 41 0.27213
41 73 0.03165
73 41 0.03165
41 74 0.11575
74 41 0.11575
41 75 0.25837
75 41 0.25837
41 79 0.01356
79 41 0.01356
41 80 0.09337
80 41 0.09337
41 81 0.02904
81 41 0.02904
41 82 0.04034
82 41 0.04034
41 90 0.14162
90 41 0.14162
41 92 0.15021
92 41 0.15021
41 93 0.14295
93 41 0.14295
41 97 0.08212
97 41 0.08212
41 98 0.23651
98 41 0.23651
41 99 0.16670
99 41 0.16670
42 45 0.14105
45 42 0.14105
42 51 0.06902
51 42 0.06902
42 54 0.09806
54 42 0.09806
42 56 0.12201
56 42 0.12201
42 57 0.04382
57 42 0.04382
42 58 0.07372
58 42 0.07372
42 62 0.16700
62 42 0.16700
42 64 0.13922
64 42 0.13922
42 68 0.17317
68 42 0.17317
42 77 0.28833
77 42 0.28833
42 79 0.13697
79 42 0.13697
42 81 0.05879
81 42 0.05879
42 82 0.20599
82 42 0.20599
42 83 0.16025
83 42 0.16025
42 90 0.27593
90 42 0.27593
42 97 0.19672
97 42 0.19672
42 98 0.26554
98 42 0.26554
43 48 0.17618
48 43 0.17618
43 54 0.18201
54 43 0.18201
43 58 0.22046
58 43 0.22046
43 61 0.03204
61 43 0.03204
43 65 0.14416
65 43 0.14416
43 66 0.18350
66 43 0.18350
43 72 0.06911
72 43 0.06911
43 75 0.06224
75 43 0.06224
43 87 0.11336
87 43 0.11336
43 89 0.07446
89 43 0.07446
43 90 0.08756
90 43 0.08756
43 92 0.10650
92 43 0.10650
43 98 0.16537
98 43 0.16537
43 99 0.13587
99 43 0.13587
44 48 0.12076
48 44 0.12076
44 55 0.16195
55 44 0.16195
44 57 0.29966
57 44 0.29966
44 65 0.03403
65 44 0.03403
44 72 0.26450
72 44 0.26450
44 73 0.09985
73 44 0.09985
44 74 0.13333
74 44 0.13333
44 77 0.04800
77 44 0.04800
44 87 0.14854
87 44 0.14854
44 95 0.16918
95 44 0.16918
45 48 0.25301
48 45 0.25301
45 51 0.14512
51 45 0.14512
45 56 0.04322
56 45 0.04322
45 57 0.08178
57 45 0.08178
45 58 0.20190
58 45 0.20190
45 65 0.16098
65 45 0.16098
45 71 0.08583
71 45 0.08583
45 73 0.03735
73 45 0.03735
45 75 0.26662
75 45 0.26662
45 76 0.02585
76 45 0.02585
45 79 0.27886
79 45 0.27886
45 80 0.12222
80 45 0.12222
45 81 0.20642
81 45 0.20642
45 85 0.15795
85 45 0.15795
45 86 0.01877
86 45 0.01877
45 88 0.23973
88 45 0.23973
45 89 0.22067
89 45 0.22067
45 91 0.08017
91 45 0.08017
45 92 0.09932
92 45 0.09932
45 94 0.06914
94 45 0.06914
45 97 0.03975
97 45 0.03975
46 47 0.18483
47 46 0.18483
46 50 0.22218
50 46 0.22218
46 52 0.06591
52 46 0.06591
46 53 0.24803
53 46 0.24803
46 62 0.10882
62 46 0.10882
46 67 0.21442
67 46 0.21442
46 73 0.15821
73 46 0.15821
46 79 0.18212
79 46 0.18212
46 80 0.27535
80 46 0.27535
46 84 0.11651
84 46 0.11651
46 85 0.24060
85 46 0.24060
46 86 0.07703
86 46 0.07703
46 88 0.09140
88 46 0.09140
46 89 0.01922
89 46 0.01922
46 94 0.05577
94 46 0.05577
46 96 0.05165
96 46 0.05165
47 48 0.14003
48 47 0.14003
47 51 0.29825
51 47 0.29825
47 57 0.10761
57 47 0.10761
47 58 0.26725
58 47 0.26725
47 65 0.08164
65 47 0.08164
47 81 0.26468
81 47 0.26468
47 84 0.07164
84 47 0.07164
47 92 0.27275
92 47 0.27275
47 93 0.28487
93 47 0.28487
47 94 0.26237
94 47 0.26237
47 97 0.21399
97 47 0.21399
47 99 0.04243
99 47 0.04243
48 49 0.12020
49 48 0.12020
48 55 0.20828
55 48 0.20828
48 62 0.05750
62 48 0.05750
48 64 0.08379
64 48 0.08379
48 68 0.11873
68 48 0.11873
48 69 0.26802
69 48 0.26802
48 70 0.26848
70 48 0.26848
48 77 0.01283
77 48 0.01283
48 80 0.13303
80 48 0.13303
48 83 0.03017
83 48 0.03017
48 84 0.23539
84 48 0.23539
48 86 0.23844
86 48 0.23844
48 96 0.16291
96 48 0.16291
48 97 0.11996
97 48 0.11996
48 98 0.25689
98 48 0.25689
48 99 0.28165
99 48 0.28165
49 53 0.05622
53 49 0.05622
49 54 0.02292
54 49 0.02292
49 57 0.03575
57 49 0.03575
49 59 0.27572
59 49 0.27572
49 60 0.16878
60 49 0.16878
49 61 0.20542
61 49 0.20542
49 62 0.05177
62 49 0.05177
49 63 0.19895
63 49 0.19895
49 70 0.09026
70 49 0.09026
49 71 0.24812
71 49 0.24812
49 75 0.03263
75 49 0.03263
49 77 0.06666
77 49 0.06666
49 78 0.28952
78 49 0.28952
49 79 0.24324
79 49 0.24324
49 86 0.25583
86 49 0.25583
49 89 0.07797
89 49 0.07797
49 91 0.14382
91 49 0.14382
49 92 0.28339
92 49 0.28339
49 98 0.16354
98 49 0.16354
50 50 0.11544
50 51 0.25381
51 50 0.25381
50 52 0.16265
52 50 0.16265
50 54 0.05249
54 50 0.05249
50 55 0.10934
55 50 0.10934
50 57 0.01408
57 50 0.01408
50 58 0.17601
58 50 0.17601
50 59 0.07964
59 50 0.07964
50 60 0.25733
60 50 0.25733
50 63 0.17370
63 50 0.17370
50 64 0.02619
64 50 0.02619
50 66 0.11300
66 50 0.11300
50 67 0.28202
67 50 0.28202
50 69 0.08804
69 50 0.08804
50 72 0.23186
72 50 0.23186
50 84 0.22771
84 50 0.22771
50 86 0.04037
86 50 0.04037
50 87 0.01784
87 50 0.01784
50 89 0.21637
89 50 0.21637
50 90 0.09748
90 50 0.09748
50 91 0.10883
91 50 0.10883
50 94 0.28253
94 50 0.28253
50 98 0.15523
98 50 0.15523
50 99 0.19548
99 50 0.19548
51 55 0.15859
55 51 0.15859
51 57 0.29004
57 51 0.29004
51 61 0.05730
61 51 0.05730
51 63 0.11502
63 51 0.11502
51 78 0.20771
78 51 0.20771
51 83 0.16727
83 51 0.16727
52 52 0.27021
52 54 0.21679
54 52 0.21679
52 58 0.17831
58 52 0.17831
52 66 0.15653
66 52 0.15653
52 68 0.16148
68 52 0.16148
52 75 0.24374
75 52 0.24374
52 82 0.17638
82 52 0.17638
52 83 0.16718
83 52 0.16718
52 88 0.23356
88 52 0.23356
52 89 0.07375
89 52 0.07375
52 95 0.24899
95 52 0.24899
52 96 0.00328
96 52 0.00328
52 98 0.02259
98 52 0.02259
52 99 0.16476
99 52 0.16476
53 53 0.19893
53 55 0.13331
55 53 0.13331
53 57 0.24311
57 53 0.24311
53 60 0.09925
60 53 0.09925
53 65 0.19889
65 53 0.19889
53 66 0.01179
66 53 0.01179
53 74 0.09485
74 53 0.09485
53 75 0.20928
75 53 0.20928
53 76 0.03418
76 53 0.03418
53 79 0.28317
79 53 0.28317
53 85 0.05293
85 53 0.05293
53 87 0.21813
87 53 0.21813
53 88 0.29603
88 53 0.29603
53 94 0.23069
94 53 0.23069
53 95 0.28790
95 53 0.28790
53 97 0.24248
97 53 0.24248
54 56 0.13310
56 54 0.13310
54 57 0.28595
57 54 0.28595
54 59 0.22795
59 54 0.22795
54 61 0.00237
61 54 0.00237
54 63 0.26452
63 54 0.26452
54 64 0.28554
64 54 0.28554
54 65 0.13858
65 54 0.13858
54 86 0.24875
86 54 0.24875
54 87 0.06996
87 54 0.06996
54 89 0.21694
89 54 0.21694
54 90 0.29791
90 54 0.29791
54 91 0.23732
91 54 0.23732
54 92 0.21930
92 54 0.21930
54 96 0.11812
96 54 0.11812
54 97 0.25222
97 54 0.25222
54 98 0.09616
98 54 0.09616
55 60 0.21786
60 55 0.21786
55 62 0.01622
62 55 0.01622
55 75 0.17433
75 55 0.17433
55 76 0.09266
76 55 0.09266
55 79 0.07219
79 55 0.07219
55 82 0.19031
82 55 0.19031
55 85 0.06873
85 55 0.06873
55 86 0.26819
86 55 0.26819
55 95 0.00333
95 55 0.00333
55 96 0.01438
96 55 0.01438
56 56 0.13447
56 58 0.25288
58 56 0.25288
56 59 0.09186
59 56 0.09186
56 62 0.26619
62 56 0.26619
56 74 0.28797
74 56 0.28797
56 75 0.19716
75 56 0.19716
56 79 0.05355
79 56 0.05355
56 80 0.13559
80 56 0.13559
56 82 0.05688
82 56 0.05688
56 83 0.14996
83 56 0.14996
56 87 0.00995
87 56 0.00995
56 90 0.10181
90 56 0.10181
56 94 0.07843
94 56 0.07843
56 96 0.02783
96 56 0.02783
57 57 0.22002
57 59 0.13908
59 57 0.13908
57 63 0.15186
63 57 0.15186
57 64 0.19808
64 57 0.19808
57 65 0.13071
65 57 0.13071
57 66 0.02936
66 57 0.02936
57 67 0.25163
67 57 0.25163
57 68 0.26630
68 57 0.26630
57 73 0.15666
73 57 0.15666
57 79 0.19583
79 57 0.19583
57 82 0.27426
82 57 0.27426
57 86 0.06811
86 57 0.06811
57 88 0.04835
88 57 0.04835
57 91 0.00305
91 57 0.00305
57 93 0.01435
93 57 0.01435
57 94 0.15492
94 57 0.15492
57 96 0.14506
96 57 0.14506
57 97 0.18428
97 57 0.18428
57 98 0.15629
98 57 0.15629
58 61 0.01779
61 58 0.01779
58 65 0.14232
65 58 0.14232
58 69 0.01050
69 58 0.01050
58 88 0.15115
88 58 0.15115
58 90 0.02564
90 58 0.02564
58 99 0.12759
99 58 0.12759
59 62 0.12948
62 59 0.12948
59 64 0.18074
64 59 0.18074
59 70 0.16197
70 59 0.16197
59 71 0.25196
71 59 0.25196
59 72 0.13886
72 59 0.13886
59 77 0.21733
77 59 0.21733
59 78 0.02979
78 59 0.02979
59 79 0.13501
79 59 0.13501
59 80 0.24297
80 59 0.24297
59 81 0.00857
81 59 0.00857
59 87 0.14456
87 59 0.14456
59 88 0.28521
88 59 0.28521
60 60 0.18971
60 65 0.26166
65 60 0.26166
60 66 0.20722
66 60 0.20722
60 67 0.00908
67 60 0.00908
60 69 0.23701
69 60 0.23701
60 70 0.14408
70 60 0.14408
60 72 0.24558
72 60 0.24558
60 75 0.03235
75 60 0.03235
60 77 0.29157
77 60 0.29157
60 78 0.17691
78 60 0.17691
60 80 0.09868
80 60 0.09868
60 85 0.01169
85 60 0.01169
60 90 0.28642
90 60 0.28642
60 94 0.17555
94 60 0.17555
60 96 0.15323
96 60 0.15323
61 69 0.25779
69 61 0.25779
61 70 0.07462
70 61 0.07462
61 75 0.00227
75 61 0.00227
61 76 0.09650
76 61 0.09650
61 79 0.02972
79 61 0.02972
61 81 0.14730
81 61 0.14730
61 85 0.20770
85 61 0.20770
61 87 0.17807
87 61 0.17807
61 89 0.00096
89 61 0.00096
62 66 0.22281
66 62 0.22281
62 80 0.10971
80 62 0.10971
62 81 0.23379
81 62 0.23379
62 84 0.22694
84 62 0.22694
62 85 0.10231
85 62 0.10231
62 89 0.12058
89 62 0.12058
63 64 0.15165
64 63 0.15165
63 68 0.07632
68 63 0.07632
63 71 0.00796
71 63 0.00796
63 74 0.11767
74 63 0.11767
63 75 0.09360
75 63 0.09360
63 77 0.11427
77 63 0.11427
63 82 0.08675
82 63 0.08675
63 85 0.05896
85 63 0.05896
63 87 0.24173
87 63 0.24173
63 91 0.14303
91 63 0.14303
63 92 0.22334
92 63 0.22334
63 94 0.11579
94 63 0.11579
64 67 0.28431
67 64 0.28431
64 68 0.29475
68 64 0.29475
64 74 0.18915
74 64 0.18915
64 77 0.27590
77 64 0.27590
64 81 0.16076
81 64 0.16076
64 84 0.05658
84 64 0.05658
64 85 0.24622
85 64 0.24622
64 87 0.27991
87 64 0.27991
64 88 0.19187
88 64 0.19187
64 89 0.08327
89 64 0.08327
64 97 0.05846
97 64 0.05846
64 98 0.22965
98 64 0.22965
64 99 0.27634
99 64 0.27634
65 70 0.15628
70 65 0.15628
65 74 0.15622
74 65 0.15622
65 75 0.27508
75 65 0.27508
65 81 0.13886
81 65 0.13886
65 87 0.09126
87 65 0.09126
65 88 0.16306
88 65 0.16306
65 91 0.10840
91 65 0.10840
65 95 0.16763
95 65 0.16763
65 98 0.13476
98 65 0.13476
65 99 0.09826
99 65 0.09826
66 66 0.25161
66 67 0.29105
67 66 0.29105
66 69 0.15085
69 66 0.15085
66 74 0.02095
74 66 0.02095
66 76 0.08173
76 66 0.08173
66 80 0.04798
80 66 0.04798
66 82 0.28291
82 66 0.28291
66 86 0.26605
86 66 0.26605
66 89 0.15733
89 66 0.15733
66 97 0.08964
97 66 0.08964
67 67 0.24049
67 74 0.04599
74 67 0.04599
67 75 0.08117
75 67 0.08117
67 78 0.12915
78 67 0.12915
67 79 0.23054
79 67 0.23054
67 82 0.10995
82 67 0.10995
67 90 0.23385
90 67 0.23385
67 94 0.14736
94 67 0.14736
67 97 0.10911
97 67 0.10911
67 98 0.03051
98 67 0.03051
68 75 0.12429
75 68 0.12429
68 80 0.15731
80 68 0.15731
68 82 0.00041
82 68 0.00041
68 89 0.05159
89 68 0.05159
68 90 0.10186
90 68 0.10186
68 93 0.24922
93 68 0.24922
68 95 0.18951
95 68 0.18951
68 98 0.10785
98 68 0.10785
68 99 0.13315
99 68 0.13315
69 69 0.05050
69 74 0.13729
74 69 0.13729
69 78 0.21152
78 69 0.21152
69 79 0.11915
79 69 0.11915
69 82 0.11956
82 69 0.11956
69 85 0.08989
85 69 0.08989
69 90 0.09763
90 69 0.09763
69 97 0.13230
97 69 0.13230
70 70 0.18281
70 77 0.23089
77 70 0.23089
70 84 0.22101
84 70 0.22101
70 85 0.28696
85 70 0.28696
70 88 0.28273
88 70 0.28273
70 93 0.14838
93 70 0.14838
71 71 0.27071
71 72 0.03155
72 71 0.03155
71 76 0.08895
76 71 0.08895
71 77 0.27393
77 71 0.27393
71 85 0.13949
85 71 0.13949
71 86 0.22005
86 71 0.22005
71 89 0.13407
89 71 0.13407
71 91 0.18106
91 71 0.18106
71 94 0.11877
94 71 0.11877
71 96 0.03903
96 71 0.03903
72 82 0.18466
82 72 0.18466
72 84 0.08292
84 72 0.08292
72 90 0.09341
90 72 0.09341
72 93 0.02487
93 72 0.02487
73 74 0.22864
74 73 0.22864
73 79 0.22748
79 73 0.22748
73 81 0.03505
81 73 0.03505
73 83 0.25283
83 73 0.25283
73 85 0.27060
85 73 0.27060
73 87 0.12778
87 73 0.12778
73 89 0.29204
89 73 0.29204
73 92 0.28608
92 73 0.28608
73 93 0.09189
93 73 0.09189
74 74 0.25317
74 79 0.02544
79 74 0.02544
74 81 0.18605
81 74 0.18605
74 83 0.06529
83 74 0.06529
74 85 0.02561
85 74 0.02561
74 86 0.10034
86 74 0.10034
74 88 0.27845
88 74 0.27845
74 94 0.00798
94 74 0.00798
74 97 0.29406
97 74 0.29406
75 75 0.27315
75 78 0.12632
78 75 0.12632
75 88 0.18934
88 75 0.18934
75 90 0.24597
90 75 0.24597
75 91 0.21495
91 75 0.21495
75 92 0.05737
92 75 0.05737
75 96 0.12307
96 75 0.12307
75 97 0.20934
97 75 0.20934
75 99 0.05044
99 75 0.05044
76 76 0.21732
76 86 0.07484
86 76 0.07484
76 90 0.12935
90 76 0.12935
76 92 0.15290
92 76 0.15290
76 93 0.02108
93 76 0.02108
76 99 0.03548
99 76 0.03548
77 77 0.15719
77 78 0.05059
78 77 0.05059
77 80 0.28026
80 77 0.28026
77 81 0.25993
81 77 0.25993
77 85 0.22145
85 77 0.22145
77 86 0.10671
86 77 0.10671
77 88 0.17413
88 77 0.17413
77 95 0.14035
95 77 0.14035
77 97 0.19544
97 77 0.19544
77 98 0.26970
98 77 0.26970
77 99 0.09672
99 77 0.09672
78 79 0.29078
79 78 0.29078
78 82 0.26889
82 78 0.26889
78 83 0.06667
83 78 0.06667
78 84 0.24777
84 78 0.24777
78 86 0.22386
86 78 0.22386
78 87 0.29835
87 78 0.29835
78 88 0.25235
88 78 0.25235
78 91 0.09570
91 78 0.09570
78 93 0.03553
93 78 0.03553
78 96 0.02415
96 78 0.02415
79 79 0.01074
79 83 0.00847
83 79 0.00847
79 84 0.04844
84 79 0.04844
